0.00000000000000E+0000  1.0E+0000  0.000000
2.04081632653061E-0001  1.962685  0.205047
4.08163265306122E-0001  2.612345  0.403361
6.12244897959184E-0001  2.970041  0.624258
8.16326530612245E-0001  3.186340  0.821500
1.02040816326531E+0000  3.029199  0.995810
1.22448979591837E+0000  2.799291  1.204190
1.42857142857143E+0000  2.408560  1.336543
1.63265306122449E+0000  2.342037  1.290237
1.83673469387755E+0000  2.193156  1.196404
2.04081632653061E+0000  2.194612  1.139950
2.24489795918367E+0000  2.245943  1.117297
2.44897959183673E+0000  2.475784  1.040926
2.65306122448980E+0000  2.637988  1.058731
2.85714285714286E+0000  2.546694  1.069943
3.06122448979592E+0000  2.366282  1.084762
3.26530612244898E+0000  2.564430  1.119006
3.46938775510204E+0000  2.490383  1.128740
3.67346938775510E+0000  2.314314  1.085126
3.87755102040816E+0000  2.470806  1.092007
4.08163265306122E+0000  2.525971  1.071179
4.28571428571428E+0000  2.314367  1.109151
4.48979591836734E+0000  2.450344  1.161648
4.69387755102041E+0000  2.497289  1.099204
4.89795918367347E+0000  2.561870  1.122668
5.10204081632653E+0000  2.508502  1.130771
5.30612244897959E+0000  2.506269  1.101824
5.51020408163265E+0000  2.479402  1.102894
5.71428571428571E+0000  2.513755  1.065668
5.91836734693877E+0000  2.387720  1.119412
6.12244897959183E+0000  2.501410  1.067390
6.32653061224489E+0000  2.494946  1.081715
6.53061224489795E+0000  2.635857  1.134656
6.73469387755102E+0000  2.429138  1.125678
6.93877551020408E+0000  2.558705  1.114561
7.14285714285714E+0000  2.376262  1.127196
7.34693877551020E+0000  2.617709  1.080826
7.55102040816326E+0000  2.380740  1.112312
7.75510204081632E+0000  2.457088  1.090615
7.95918367346938E+0000  2.564538  1.110345
8.16326530612244E+0000  2.441334  1.147894
8.36734693877550E+0000  2.523178  1.120656
8.57142857142857E+0000  2.540809  1.170147
8.77551020408163E+0000  2.473162  1.102034
8.97959183673469E+0000  2.399730  1.103599
9.18367346938775E+0000  2.448308  1.066108
9.38775510204081E+0000  2.451070  1.106460
9.59183673469387E+0000  2.426818  1.098612
9.79591836734693E+0000  2.412271  1.126728
9.99999999999999E+0000  2.668192  1.096229